TEXTURE=tile_grass_
TILES=48
ROWS=5
1;1;1;1;1;0.33;1;0.33;1;1;0.33;0.33;1;0.33;0.10;0.33;1;1;1;1;1;1;1;1;1;1;1;1;1;1;1;1;1;1;1;1;1;1;1;1;1;1;1;1;1;1;1;1
1;1;1;1;1;0.66;1;0.66;1;1;0.66;0.66;1;0.66;0.50;0.66;1;1;1;1;1;1;1;1;1;1;1;1;1;1;1;1;1;1;1;1;1;1;1;1;1;1;1;1;1;1;1;1
1;1;1;1;1;1.00;1;1.00;1;1;1.00;1.00;1;1.00;1.00;1.0;1;1;1;1;1;1;1;1;1;1;1;1;1;1;1;1;1;1;1;1;1;1;1;1;1;1;1;1;1;1;1;1
1;1;1;1;1;1.00;1;1.00;1;1;1.00;1.00;1;1.00;1.00;0.055;1;1;1;1;1;1;1;1;1;1;1;1;1;1;1;1;1;1;1;1;1;1;1;1;1;1;1;1;1;1;1;1
1;1;1;1;1;1.00;1;1.00;1;1;1.00;1.00;1;1.00;1.00;1.000;1;1;1;1;1;1;1;1;1;1;1;1;1;1;1;1;1;1;1;1;1;1;1;1;1;1;1;1;1;1;1;1
SHADOWS=true
0=1,2
1=1,2
2=1,6
3=1,6
8=1,6
9=1,6
10=3,3
11=3,3
16=1,1
17=1,1
18=1,1
19=1,1
20=1,1
23=1,1
24=1,1
25=1,1
26=1,1
27=1,1
28=1,1
32=1,1
33=1,1
35=1,3
36=1,3
37=1,3
38=1,1
39=1,1
41=1,1
42=1,1
43=1,1
44=1,6
45=1,1
46=1,6
47=1,1